, 0.2360529899597168
, -0.020004749298095703
, 0.11402440071105957
, 0.20804738998413086
, 0.23108363151550293
, 0.16103649139404297
, 0.12802886962890625
, -0.05901312828063965
, -0.10602378845214844
, 0.20304489135742188
, 0.008001089096069336
, 0.13002920150756836
, 0.04200887680053711
, 0.060013771057128906
, 0.0980219841003418
, 0.14801573753356934
, 0.1690375804901123
, -0.017004013061523438
, -0.025005817413330078
, 0.04601120948791504
, 0.17203855514526367
, -0.005001544952392578
, 0.16303539276123047
, 0.05101180076599121
, -0.05701279640197754
, 0.08301997184753418
, -0.11302566528320312
, -0.018004894256591797
, -0.03900957107543945
, 0.028006792068481445
, 0.06601476669311523
, 0.030987977981567383
, 0.019003868103027344
, 0.018004417419433594
, 0.1800220012664795
, -0.03600788116455078
, -0.05501222610473633
, 0.09102058410644531
, -0.04301023483276367
, 0.0360107421875
, -0.0490107536315918
, 0.04300856590270996
, 0.007001161575317383
, -0.011003732681274414
, 0.17903995513916016
, 0.07701611518859863
, 0.030007123947143555
, 0.32407188415527344
, -0.0780177116394043
, 0.022006988525390625
, -0.11202478408813477
, -0.1400308609008789
, -0.07501673698425293
, 0.05201268196105957
, 0.08501625061035156
, 0.07801365852355957
, -0.007001161575317383
, -0.006000041961669922
, 0.2450549602508545
, 0.1090242862701416
, 0.0600125789642334
, -0.014003753662109375
, 0.00200653076171875
, -0.1410508155822754
, -0.07601737976074219
, 0.030007123947143555
, 0.17403888702392578
, -0.14203166961669922
, -0.10102272033691406
, 0.061012983322143555
, 0.0890200138092041
, -0.05901217460632324
, 0.27006053924560547
, 0.04201030731201172
, 0.007002592086791992
, 0.008002281188964844
, 0.3490781784057617
, 0.18604254722595215
, -0.023003578186035156
, 0.24305391311645508
, 0.08501744270324707
, 0.020004749298095703
, -0.02100515365600586
, -0.0030012130737304688
, -0.027005672454833984
, 0.0010001659393310547
, -0.02200484275817871
, 0.06101393699645996
, 0.07701659202575684
, -0.17704010009765625
, 0.057010650634765625
, -0.007002353668212891
, -0.2250499725341797
, 0.11102485656738281
, 0.06401443481445312
, 0.042009830474853516
, 0.018004655838012695
, -0.006001949310302734
, -0.10202264785766602
, 0.0029754638671875
, -0.03400826454162598
, -0.09602165222167969
, -0.9482126235961914
, 0.5401206016540527
, 0.041008949279785156
, -0.17103910446166992
, 0.052010536193847656
, 0.028006553649902344
, 0.025005340576171875
, 0.21704840660095215
, 0.006001949310302734
, 0.027005910873413086
, 0.038008689880371094
, -0.05001115798950195
, -0.13703083992004395
, 0.3120698928833008
, -0.14803361892700195
, 0.05501222610473633
, -0.011002063751220703
, 0.10502338409423828
, 0.17704033851623535
, -0.19504261016845703
, 0.16203594207763672
, 0.04600954055786133
, 0.017004966735839844
, -0.032007694244384766
, 0.314068078994751
, -0.0510096549987793
, 0.03200697898864746
, 0.019004344940185547
, 0.023006677627563477
, 0.12302780151367188
, -0.06601548194885254
, 0.028005599975585938
, 0.16503667831420898
, 0.04300975799560547
, 0.08601903915405273
, -0.09402132034301758
, 0.1380305290222168
, 0.20504450798034668
, -0.12802839279174805
, 0.0890202522277832
, 0.11002445220947266
, 0.21504712104797363
, -0.06501507759094238
, 0.054010868072509766
, 0.06501388549804688
, 0.10602355003356934
, 0.3090696334838867
, 0.12102699279785156
, -0.003000497817993164
, 0.20204567909240723
, -0.09702157974243164
, 0.005001068115234375
, 0.13503074645996094
, 0.03600764274597168
, -0.08801960945129395
, 0.04801130294799805
, -0.2510559558868408
, 0.010001420974731445
, -0.003000497817993164
, 0.12802863121032715
, 1.430511474609375e-06
, 0.02300548553466797
, 0.029006481170654297
, 0.14503216743469238
, 0.04501080513000488
, 0.04100942611694336
, 0.0010006427764892578
, 0.010001182556152344
, 0.10502290725708008
, 0.14603376388549805
, 0.054010868072509766
, 0.12302803993225098
, -0.0050013065338134766
, -0.010002613067626953
, 0.08201861381530762
, 0.041008949279785156
, 0.06601548194885254
, 0.013003110885620117
, 0.004999876022338867
, 0.015980243682861328
, 0.09502077102661133
, -0.2610585689544678
, 0.02300429344177246
, -0.06001162528991699
, 0.08601975440979004
, 0.12502598762512207
, 0.007001638412475586
, 0.12102651596069336
, 0.14303255081176758
, 0.09502267837524414
, 0.16403675079345703
, -0.14303040504455566
, -0.014001131057739258
, 0.2050461769104004
, 0.08401942253112793
, -0.005001068115234375
, -0.024005413055419922
, 0.1580357551574707
, 0.04701042175292969
, 0.10702323913574219
, 0.12402701377868652
, 0.057013511657714844
, -0.050011634826660156
, 0.1890420913696289
, 0.011003494262695312
, 0.08201909065246582
, 0.17303824424743652
, 0.17103958129882812
, 0.11202502250671387
, -0.003000974655151367
, -0.011002540588378906
, 0.049010515213012695
, 0.09602069854736328
, 0.043009281158447266
, 0.01600360870361328
, 0.08501911163330078
, 0.007017612457275391
, 0.09202003479003906
, 0.2380528450012207
, 0.011002302169799805
, 0.15303421020507812
, 0.02800607681274414
, -0.004999399185180664
, -0.003999948501586914
, 0.08802032470703125
, -0.11502361297607422
, 0.1890416145324707
, 0.07201528549194336
, 0.0780179500579834
, 0.06401491165161133
)
observed <- c(
-0.01600337028503418
, -0.11402487754821777
, 0.23005151748657227
, 0.05601239204406738
, 0.05299067497253418
, 0.008002758026123047
, 0.05799388885498047
, 0.09902215003967285
, 0.010001897811889648
, 0.2090463638305664
, -0.09102082252502441
, 0.0010001659393310547
, 0.029006481170654297
, 0.03800821304321289
, -0.0490109920501709
, -0.030007600784301758
, 0.1560344696044922
, 0.0110015869140625
, 0.2360529899597168
, -0.020004749298095703
, 0.11402440071105957
, 0.20804738998413086
, 0.23108363151550293
, 0.16103649139404297
, 0.12802886962890625
, -0.05901312828063965
, -0.10602378845214844
, 0.20304489135742188
, 0.008001089096069336
, 0.13002920150756836
, 0.04200887680053711
, 0.060013771057128906
, 0.0980219841003418
, 0.14801573753356934
, 0.1690375804901123
, -0.017004013061523438
, -0.025005817413330078
, 0.04601120948791504
, 0.17203855514526367
, -0.005001544952392578
, 0.16303539276123047
, 0.05101180076599121
, -0.05701279640197754
, 0.08301997184753418
, -0.11302566528320312
, -0.018004894256591797
, -0.03900957107543945
, 0.028006792068481445
, 0.06601476669311523
, 0.030987977981567383
, 0.019003868103027344
, 0.018004417419433594
, 0.1800220012664795
, -0.03600788116455078
, -0.05501222610473633
, 0.09102058410644531
, -0.04301023483276367
, 0.0360107421875
, -0.0490107536315918
, 0.04300856590270996
, 0.007001161575317383
, -0.011003732681274414
, 0.17903995513916016
, 0.07701611518859863
, 0.030007123947143555
, 0.32407188415527344
, -0.0780177116394043
, 0.022006988525390625
, -0.11202478408813477
, -0.1400308609008789
, -0.07501673698425293
, 0.05201268196105957
, 0.08501625061035156
, 0.07801365852355957
, -0.007001161575317383
, -0.006000041961669922
, 0.2450549602508545
, 0.1090242862701416
, 0.0600125789642334
, -0.014003753662109375
, 0.00200653076171875
, -0.1410508155822754
, -0.07601737976074219
, 0.030007123947143555
, 0.17403888702392578
, -0.14203166961669922
, -0.10102272033691406
, 0.061012983322143555
, 0.0890200138092041
, -0.05901217460632324
, 0.27006053924560547
, 0.04201030731201172
, 0.007002592086791992
, 0.008002281188964844
, 0.3490781784057617
, 0.18604254722595215
, -0.023003578186035156
, 0.24305391311645508
, 0.08501744270324707
, 0.020004749298095703
, -0.02100515365600586
, -0.0030012130737304688
, -0.027005672454833984
, 0.0010001659393310547
, -0.02200484275817871
, 0.06101393699645996
, 0.07701659202575684
, -0.17704010009765625
, 0.057010650634765625
, -0.007002353668212891
, -0.2250499725341797
, 0.11102485656738281
, 0.06401443481445312
, 0.042009830474853516
, 0.018004655838012695
, -0.006001949310302734
, -0.10202264785766602
, 0.0029754638671875
, -0.03400826454162598
, -0.09602165222167969
, -0.9482126235961914
, 0.5401206016540527
, 0.041008949279785156
, -0.17103910446166992
, 0.052010536193847656
, 0.028006553649902344
, 0.025005340576171875
, 0.21704840660095215
, 0.006001949310302734
, 0.027005910873413086
, 0.038008689880371094
, -0.05001115798950195
, -0.13703083992004395
, 0.3120698928833008
, -0.14803361892700195
, 0.05501222610473633
, -0.011002063751220703
, 0.10502338409423828
, 0.17704033851623535
, -0.19504261016845703
, 0.16203594207763672
, 0.04600954055786133
, 0.017004966735839844
, -0.032007694244384766
, 0.314068078994751
, -0.0510096549987793
, 0.03200697898864746
, 0.019004344940185547
, 0.023006677627563477
, 0.12302780151367188
, -0.06601548194885254
, 0.028005599975585938
, 0.16503667831420898
, 0.04300975799560547
, 0.08601903915405273
, -0.09402132034301758
, 0.1380305290222168
, 0.20504450798034668
, -0.12802839279174805
, 0.0890202522277832
, 0.11002445220947266
, 0.21504712104797363
, -0.06501507759094238
, 0.054010868072509766
, 0.06501388549804688
, 0.10602355003356934
, 0.3090696334838867
, 0.12102699279785156
, -0.003000497817993164
, 0.20204567909240723
, -0.09702157974243164
, 0.005001068115234375
, 0.13503074645996094
, 0.03600764274597168
, -0.08801960945129395
, 0.04801130294799805
, -0.2510559558868408
, 0.010001420974731445
, -0.003000497817993164
, 0.12802863121032715
, 1.430511474609375e-06
, 0.02300548553466797
, 0.029006481170654297
, 0.14503216743469238
, 0.04501080513000488
, 0.04100942611694336
, 0.0010006427764892578
, 0.010001182556152344
, 0.10502290725708008
, 0.14603376388549805
, 0.054010868072509766
, 0.12302803993225098
, -0.0050013065338134766
, -0.010002613067626953
, 0.08201861381530762
, 0.041008949279785156
, 0.06601548194885254
, 0.013003110885620117
, 0.004999876022338867
, 0.015980243682861328
, 0.09502077102661133
, -0.2610585689544678
, 0.02300429344177246
, -0.06001162528991699
, 0.08601975440979004
, 0.12502598762512207
, 0.007001638412475586
, 0.12102651596069336
, 0.14303255081176758
, 0.09502267837524414
, 0.16403675079345703
, -0.14303040504455566
, -0.014001131057739258
, 0.2050461769104004
, 0.08401942253112793
, -0.005001068115234375
, -0.024005413055419922
, 0.1580357551574707
, 0.04701042175292969
, 0.10702323913574219
, 0.12402701377868652
, 0.057013511657714844
, -0.050011634826660156
, 0.1890420913696289
, 0.011003494262695312
, 0.08201909065246582
, 0.17303824424743652
, 0.17103958129882812
, 0.11202502250671387
, -0.003000974655151367
, -0.011002540588378906
, 0.049010515213012695
, 0.09602069854736328
, 0.043009281158447266
, 0.01600360870361328
, 0.08501911163330078
, 0.007017612457275391
, 0.09202003479003906
, 0.2380528450012207
, 0.011002302169799805
, 0.15303421020507812
, 0.02800607681274414
, -0.004999399185180664
, -0.003999948501586914
, 0.08802032470703125
, -0.11502361297607422
, 0.1890416145324707
, 0.07201528549194336
, 0.0780179500579834
, 0.06401491165161133
)
hist(observed, breaks = 20)
hist(observed, breaks = 40)
choose.dir()
setwd("C:\\Users\\victo\\source\\repos\\Silly_Python_Stuff\\knapsack")
data1 <- read.csv(file="test_data_dense_knapsac.csv")
data2 <- read.csv(file="test_datasparse_knapsac.csv")
data1 <- read.csv(file="test_data_dense_knapsac.csv")
data2 <- read.csv(file="test_data_sparse_knapsac.csv")
{
graphics.off()
rm(list=ls())
setwd("C:\\Users\\victo\\source\\repos\\Silly_Python_Stuff\\knapsack")
}
data1 <- read.csv(file="test_data_dense_knapsac.csv")
data2 <- read.csv(file="test_data_sparse_knapsac.csv")
boxplot(data1)
boxplot(data1[, c(1, 2, 3, 4)])
boxplot(data1[, c(1, 2, 3, 4)])
boxplot(data2[, c(1, 2, 3, 4)])
boxplot(data1[, -c(1, 2, 3, 4)])
boxplot(data1[, c(1, 2, 3, 4)])
boxplot(data1[, -c(1, 2, 3, 4)])
boxplot(data2[, c(1, 2, 3, 4)])
boxplot(data2[, c(1, 2, 3, 4)])
boxplot(data2[, -c(1, 2, 3, 4)])
boxplot(data2[, -c(1, 2, 3, 4)])
boxplot(data2[, c(1, 2, 3, 4)])
